Data/sbe19/SBE19plus_01907046_2025_04_04_0002.cnv
* Sea-Bird SBE19plus  Data File:
* FileName = D:\Ocean\Data\AGF211-2025\sbe19\SBE19plus_01907046_2025_04_04_0002.hex
* Software version 2.8.0.119
* Temperature SN = 7046
* Conductivity SN = 7046
* System UpLoad Time = Apr 04 2025 14:25:44
* <ApplicationData>
* <Seaterm232>
** UNIS station: ice section 2
** Lat:
** Long:
** Echo depth:
** Bottle nr:
** Time (UTC, hh:mm):
** Date (DD.MM):
# nquan = 12
# nvalues = 55                          
# units = specified
# name 0 = timeS: Time, Elapsed [seconds]
# name 1 = prdM: Pressure, Strain Gauge [db]
# name 2 = depSM: Depth [salt water, m], lat = 78.00
# name 3 = tv290C: Temperature [ITS-90, deg C]
# name 4 = potemp090C: Potential Temperature [ITS-90, deg C]
# name 5 = c0mS/cm: Conductivity [mS/cm]
# name 6 = sal00: Salinity, Practical [PSU]
# name 7 = sigma-é00: Density [sigma-theta, kg/m^3]
# name 8 = density00: Density [density, kg/m^3]
# name 9 = sigma-t00: Density [sigma-t, kg/m^3 ]
# name 10 = dz/dtM: Descent Rate [m/s]
# name 11 = flag: flag
# span 0 =     43.567,    265.959       
# span 1 =      0.970,     28.334       
# span 2 =      1.000,     28.000       
# span 3 =    -1.8800,    -1.4117       
# span 4 =    -1.8799,    -1.4117       
# span 5 =  22.199114,  28.658006       
# span 6 =    28.0112,    36.1570       
# span 7 =    22.5001,    29.1071       
# span 8 =  1022.5048,  1029.1120       
# span 9 =    22.5001,    29.1071       
# span 10 =     -2.041,      0.497      
# span 11 = 0.0000e+00, 0.0000e+00      
# interval = meters: 1                  
# start_time = Apr 04 2025 12:32:00 [Instrument's time stamp, header]
# bad_flag = -9.990e-29
*END*
     43.567      1.009      1.000    -1.4117    -1.4117  28.658006    36.1570    29.1071  1029.1120    29.1071      0.136 0.0000e+00
     79.261      2.021      2.000    -1.7366    -1.7366  27.708802    35.2152    28.3536  1028.3633    28.3536      0.034 0.0000e+00
    133.346      3.003      3.000    -1.8429    -1.8429  27.144711    34.5484    27.8151  1027.8296    27.8151      0.199 0.0000e+00
    133.588      4.044      4.000    -1.8375    -1.8376  27.160956    34.5630    27.8269  1027.8464    27.8269      0.262 0.0000e+00
    137.472      5.036      5.000    -1.8374    -1.8375  27.158866    34.5593    27.8238  1027.8481    27.8238      0.261 0.0000e+00
    140.548      6.057      6.000    -1.8359    -1.8360  27.164280    34.5653    27.8287  1027.8579    27.8287      0.351 0.0000e+00
    143.391      7.080      7.000    -1.8330    -1.8332  27.168685    34.5669    27.8299  1027.8640    27.8299      0.355 0.0000e+00
    146.402      8.097      8.000    -1.8327    -1.8328  27.170648    34.5685    27.8312  1027.8702    27.8312      0.340 0.0000e+00
    150.243      9.097      9.000    -1.8335    -1.8337  27.185786    34.5901    27.8488  1027.8927    27.8488      0.226 0.0000e+00
    154.195     10.109     10.000    -1.8325    -1.8327  27.187152    34.5902    27.8488  1027.8976    27.8488      0.281 0.0000e+00
    157.772     11.092     11.000    -1.8325    -1.8327  27.187608    34.5903    27.8489  1027.9024    27.8489      0.291 0.0000e+00
    160.542     12.126     12.000    -1.8313    -1.8315  27.189767    34.5916    27.8500  1027.9084    27.8500      0.372 0.0000e+00
    163.272     13.148     13.000    -1.8281    -1.8284  27.193309    34.5923    27.8504  1027.9138    27.8504      0.376 0.0000e+00
    166.160     14.139     14.000    -1.8277    -1.8279  27.194183    34.5917    27.8499  1027.9181    27.8499      0.341 0.0000e+00
    168.840     15.154     15.000    -1.8251    -1.8254  27.197219    34.5936    27.8514  1027.9245    27.8514      0.383 0.0000e+00
    171.385     16.181     16.000    -1.8075    -1.8079  27.215174    34.6014    27.8574  1027.9354    27.8573      0.407 0.0000e+00
    174.181     17.185     17.000    -1.7899    -1.7903  27.232553    34.5993    27.8551  1027.9380    27.8551      0.348 0.0000e+00
    177.021     18.163     18.000    -1.7883    -1.7887  27.234287    34.5990    27.8548  1027.9424    27.8548      0.356 0.0000e+00
    179.299     19.199     19.000    -1.7862    -1.7866  27.236915    34.5993    27.8550  1027.9475    27.8550      0.455 0.0000e+00
    181.529     20.214     20.000    -1.7869    -1.7873  27.236830    34.5991    27.8548  1027.9523    27.8548      0.453 0.0000e+00
    183.764     21.213     21.000    -1.7870    -1.7874  27.237297    34.5997    27.8554  1027.9575    27.8554      0.448 0.0000e+00
    185.846     22.244     22.000    -1.7866    -1.7870  27.238299    34.6002    27.8557  1027.9629    27.8557      0.497 0.0000e+00
    188.017     23.246     23.000    -1.7849    -1.7854  27.240761    34.6013    27.8565  1027.9686    27.8565      0.457 0.0000e+00
    190.220     24.273     24.000    -1.7841    -1.7846  27.241794    34.6009    27.8562  1027.9732    27.8562      0.471 0.0000e+00
    192.804     25.286     25.000    -1.7824    -1.7829  27.243956    34.6017    27.8568  1027.9787    27.8568      0.371 0.0000e+00
    195.862     26.304     26.000    -1.7800    -1.7805  27.246830    34.6018    27.8568  1027.9836    27.8568      0.350 0.0000e+00
    200.110     27.277     27.000    -1.7799    -1.7804  27.247976    34.6025    27.8574  1027.9888    27.8574      0.186 0.0000e+00
    208.610     28.334     28.000    -1.7829    -1.7835  27.243082    34.5987    27.8544  1027.9909    27.8543      0.064 0.0000e+00
    217.481     27.468     27.000    -1.7847    -1.7853  27.241056    34.5984    27.8541  1027.9865    27.8541     -0.389 0.0000e+00
    218.541     26.315     26.000    -1.7851    -1.7857  27.240651    34.5993    27.8549  1027.9817    27.8549     -0.779 0.0000e+00
    219.672     25.144     25.000    -1.7854    -1.7859  27.240107    34.5996    27.8552  1027.9764    27.8552     -1.052 0.0000e+00
    221.273     24.165     24.000    -1.7863    -1.7867  27.239253    34.5998    27.8554  1027.9718    27.8554     -0.692 0.0000e+00
    223.557     23.263     23.000    -1.7886    -1.7890  27.235440    34.5976    27.8536  1027.9657    27.8536     -0.374 0.0000e+00
    225.752     22.215     22.000    -1.7891    -1.7896  27.232957    34.5961    27.8524  1027.9595    27.8524     -0.484 0.0000e+00
    228.418     21.178     21.000    -1.7898    -1.7902  27.232093    34.5959    27.8523  1027.9544    27.8523     -0.375 0.0000e+00
    233.473     20.261     20.000    -1.8067    -1.8071  27.213747    34.5880    27.8462  1027.9439    27.8462     -0.113 0.0000e+00
    236.702     19.351     19.000    -1.8255    -1.8259  27.194806    34.5867    27.8458  1027.9390    27.8458     -0.388 0.0000e+00
    237.906     18.117     18.000    -1.8260    -1.8264  27.194197    34.5877    27.8466  1027.9340    27.8466     -0.837 0.0000e+00
    239.669     17.228     17.000    -1.8282    -1.8286  27.191835    34.5875    27.8464  1027.9295    27.8464     -0.542 0.0000e+00
    241.224     16.291     16.000    -1.8303    -1.8306  27.189405    34.5871    27.8463  1027.9248    27.8462     -0.563 0.0000e+00
    242.403     15.438     15.000    -1.8313    -1.8316  27.188168    34.5873    27.8464  1027.9208    27.8464     -0.726 0.0000e+00
    243.219     14.445     14.000    -1.8320    -1.8323  27.187403    34.5876    27.8467  1027.9163    27.8467     -0.892 0.0000e+00
    243.853     13.267     13.000    -1.8324    -1.8326  27.187008    34.5883    27.8473  1027.9113    27.8473     -1.282 0.0000e+00
    244.418     11.969     12.000    -1.8326    -1.8328  27.186659    34.5890    27.8478  1027.9056    27.8478     -1.749 0.0000e+00
    245.056     10.801     11.000    -1.8326    -1.8328  27.186509    34.5897    27.8484  1027.9005    27.8484     -2.041 0.0000e+00
    245.912      9.877     10.000    -1.8327    -1.8329  27.186235    34.5899    27.8486  1027.8962    27.8486     -1.632 0.0000e+00
    247.039      8.955      9.000    -1.8329    -1.8331  27.185769    34.5900    27.8487  1027.8918    27.8487     -0.949 0.0000e+00
    248.536      8.048      8.000    -1.8333    -1.8334  27.185295    34.5903    27.8489  1027.8877    27.8489     -0.649 0.0000e+00
    250.148      7.042      7.000    -1.8340    -1.8341  27.184378    34.5902    27.8489  1027.8828    27.8489     -0.616 0.0000e+00
    252.041      6.041      6.000    -1.8354    -1.8355  27.183157    34.5907    27.8493  1027.8784    27.8493     -0.535 0.0000e+00
    254.173      5.045      5.000    -1.8367    -1.8367  27.181806    34.5909    27.8495  1027.8739    27.8495     -0.478 0.0000e+00
    256.342      4.028      4.000    -1.8377    -1.8377  27.179063    34.5891    27.8481  1027.8675    27.8481     -0.467 0.0000e+00
    258.663      3.031      3.000    -1.8377    -1.8378  27.161632    34.5655    27.8289  1027.8435    27.8289     -0.423 0.0000e+00
    261.387      1.985      2.000    -1.8367    -1.8367  27.162020    34.5667    27.8298  1027.8394    27.8298     -0.356 0.0000e+00
    265.959      0.970      1.000    -1.8800    -1.8799  22.199114    28.0112    22.5001  1022.5048    22.5001     -0.184 0.0000e+00
