Data/sbe19/SBE19plus_01907046_2025_04_04_0001.cnv
* Sea-Bird SBE19plus  Data File:
* FileName = D:\Ocean\Data\AGF211-2025\sbe19\SBE19plus_01907046_2025_04_04_0001.hex
* Software version 2.8.0.119
* Temperature SN = 7046
* Conductivity SN = 7046
* System UpLoad Time = Apr 04 2025 14:25:03
* <ApplicationData>
* <Seaterm232>
** UNIS station: ice section 1
** Lat:
** Long:
** Echo depth:
** Bottle nr:
** Time (UTC, hh:mm):
** Date (DD.MM):
# nquan = 12
# nvalues = 43                          
# units = specified
# name 0 = timeS: Time, Elapsed [seconds]
# name 1 = prdM: Pressure, Strain Gauge [db]
# name 2 = depSM: Depth [salt water, m], lat = 78.00
# name 3 = tv290C: Temperature [ITS-90, deg C]
# name 4 = potemp090C: Potential Temperature [ITS-90, deg C]
# name 5 = c0mS/cm: Conductivity [mS/cm]
# name 6 = sal00: Salinity, Practical [PSU]
# name 7 = sigma-é00: Density [sigma-theta, kg/m^3]
# name 8 = density00: Density [density, kg/m^3]
# name 9 = sigma-t00: Density [sigma-t, kg/m^3 ]
# name 10 = dz/dtM: Descent Rate [m/s]
# name 11 = flag: flag
# span 0 =      4.997,    235.855       
# span 1 =      0.859,     22.347       
# span 2 =      1.000,     22.000       
# span 3 =    -1.9672,    -1.8369       
# span 4 =    -1.9673,    -1.8373       
# span 5 =  26.156737,  27.390155       
# span 6 =    33.3500,    35.0198       
# span 7 =    26.8424,    28.2017       
# span 8 =  1026.8466,  1028.2212       
# span 9 =    26.8424,    28.2017       
# span 10 =     -0.734,      1.188      
# span 11 = 0.0000e+00, 0.0000e+00      
# interval = meters: 1                  
# start_time = Apr 04 2025 12:03:41 [Instrument's time stamp, header]
# bad_flag = -9.990e-29
*END*
      4.997      0.859      1.000    -1.9672    -1.9673  26.156737    33.3500    26.8424  1026.8466    26.8424      0.307 0.0000e+00
      6.451      1.979      2.000    -1.9363    -1.9364  27.062290    34.5192    27.7939  1027.8034    27.7939      0.701 0.0000e+00
      7.715      3.232      3.000    -1.9306    -1.9307  27.263936    34.7906    28.0146  1028.0301    28.0146      0.991 0.0000e+00
     67.432      4.047      4.000    -1.9524    -1.9525  27.390155    35.0198    28.2017  1028.2212    28.2017      0.025 0.0000e+00
    149.726      5.117      5.000    -1.8681    -1.8682  27.174088    34.6193    27.8735  1027.8982    27.8735      0.628 0.0000e+00
    158.714      5.971      6.000    -1.8557    -1.8558  27.163325    34.5865    27.8465  1027.8753    27.8465      0.325 0.0000e+00
    160.467      6.866      7.000    -1.8514    -1.8515  27.169315    34.5913    27.8503  1027.8834    27.8503      0.463 0.0000e+00
    161.428      8.029      8.000    -1.8487    -1.8488  27.172700    34.5909    27.8498  1027.8885    27.8498      0.981 0.0000e+00
    162.351      9.155      9.000    -1.8477    -1.8479  27.174558    34.5907    27.8497  1027.8939    27.8497      1.188 0.0000e+00
    163.368     10.215     10.000    -1.8492    -1.8494  27.174030    34.5897    27.8489  1027.8981    27.8489      1.137 0.0000e+00
    164.613     11.155     11.000    -1.8506    -1.8508  27.173654    34.5911    27.8500  1027.9037    27.8500      0.851 0.0000e+00
    165.947     12.119     12.000    -1.8509    -1.8512  27.174200    34.5919    27.8507  1027.9092    27.8507      0.719 0.0000e+00
    167.245     13.128     13.000    -1.8514    -1.8516  27.174609    34.5924    27.8511  1027.9144    27.8511      0.764 0.0000e+00
    168.507     14.178     14.000    -1.8513    -1.8515  27.175556    34.5933    27.8518  1027.9202    27.8518      0.820 0.0000e+00
    169.861     15.190     15.000    -1.8507    -1.8510  27.176878    34.5939    27.8523  1027.9256    27.8523      0.776 0.0000e+00
    171.331     16.205     16.000    -1.8493    -1.8497  27.179360    34.5957    27.8538  1027.9319    27.8538      0.700 0.0000e+00
    172.957     17.194     17.000    -1.8436    -1.8439  27.186892    34.6005    27.8576  1027.9405    27.8575      0.616 0.0000e+00
    174.659     18.190     18.000    -1.8383    -1.8387  27.193093    34.6007    27.8575  1027.9452    27.8575      0.588 0.0000e+00
    176.355     19.203     19.000    -1.8373    -1.8377  27.194907    34.6005    27.8573  1027.9498    27.8573      0.595 0.0000e+00
    178.041     20.220     20.000    -1.8373    -1.8377  27.195463    34.6005    27.8574  1027.9549    27.8574      0.602 0.0000e+00
    179.806     21.288     21.000    -1.8372    -1.8376  27.196067    34.6007    27.8575  1027.9601    27.8575      0.608 0.0000e+00
    184.352     22.347     22.000    -1.8369    -1.8373  27.196857    34.6008    27.8576  1027.9653    27.8576      0.078 0.0000e+00
    187.658     21.309     21.000    -1.8374    -1.8378  27.195754    34.6006    27.8574  1027.9602    27.8574     -0.432 0.0000e+00
    189.285     20.240     20.000    -1.8375    -1.8379  27.194996    34.6004    27.8572  1027.9548    27.8572     -0.660 0.0000e+00
    190.737     19.200     19.000    -1.8377    -1.8381  27.194129    34.6001    27.8570  1027.9496    27.8570     -0.713 0.0000e+00
    192.193     18.187     18.000    -1.8380    -1.8383  27.193305    34.5999    27.8569  1027.9446    27.8569     -0.706 0.0000e+00
    193.671     17.176     17.000    -1.8388    -1.8391  27.191740    34.5989    27.8561  1027.9389    27.8561     -0.683 0.0000e+00
    195.169     16.179     16.000    -1.8422    -1.8425  27.186869    34.5958    27.8536  1027.9316    27.8536     -0.670 0.0000e+00
    196.638     15.133     15.000    -1.8469    -1.8472  27.180778    34.5934    27.8518  1027.9248    27.8518     -0.702 0.0000e+00
    198.242     14.083     14.000    -1.8500    -1.8503  27.176518    34.5929    27.8515  1027.9194    27.8515     -0.670 0.0000e+00
    200.270     13.212     13.000    -1.8514    -1.8516  27.174610    34.5930    27.8516  1027.9153    27.8516     -0.410 0.0000e+00
    201.855     12.137     12.000    -1.8515    -1.8517  27.173742    34.5927    27.8514  1027.9099    27.8514     -0.652 0.0000e+00
    203.382     11.021     11.000    -1.8510    -1.8512  27.173355    34.5925    27.8512  1027.9044    27.8512     -0.734 0.0000e+00
    206.880     10.080     10.000    -1.8499    -1.8501  27.173538    34.5919    27.8506  1027.8993    27.8506     -0.229 0.0000e+00
    211.528      9.106      9.000    -1.8491    -1.8492  27.173677    34.5917    27.8505  1027.8944    27.8505     -0.279 0.0000e+00
    214.787      8.105      8.000    -1.8483    -1.8484  27.173675    34.5913    27.8502  1027.8892    27.8502     -0.323 0.0000e+00
    217.452      7.078      7.000    -1.8484    -1.8485  27.172548    34.5901    27.8492  1027.8833    27.8492     -0.386 0.0000e+00
    220.065      6.060      6.000    -1.8505    -1.8506  27.169404    34.5887    27.8481  1027.8773    27.8481     -0.389 0.0000e+00
    222.731      5.056      5.000    -1.8527    -1.8528  27.165834    34.5870    27.8467  1027.8711    27.8467     -0.374 0.0000e+00
    225.337      4.030      4.000    -1.8571    -1.8572  27.160006    34.5840    27.8444  1027.8638    27.8444     -0.400 0.0000e+00
    228.250      3.037      3.000    -1.8633    -1.8633  27.147698    34.5751    27.8374  1027.8520    27.8374     -0.322 0.0000e+00
    231.122      2.005      2.000    -1.8660    -1.8661  27.130232    34.5550    27.8211  1027.8307    27.8211     -0.374 0.0000e+00
    235.855      1.015      1.000    -1.8688    -1.8688  26.945434    34.3118    27.6234  1027.6283    27.6234     -0.145 0.0000e+00
